-0.09 4e-06
0.09 2.8e-05
0.27 9.6e-05
0.45 0.000158
0.63 0.000406
0.81 0.000888
0.99 0.001392
1.17 0.0026
1.35 0.003264
1.53 0.004666
1.71 0.007812
1.89 0.008992
2.07 0.01442
2.25 0.014966
2.43 0.022478
2.61 0.022418
2.79 0.02657
2.97 0.03683
3.15 0.034766
3.33 0.039488
3.51 0.050226
3.69 0.04542
3.87 0.057128
4.05 0.04916
4.23 0.053732
4.41 0.056532
4.59 0.049728
4.77 0.05758
4.95 0.046168
5.13 0.050746
5.31 0.038742
5.49 0.034524
5.67 0.036962
5.85 0.02626
6.03 0.022752
6.21 0.022776
6.39 0.014914
6.57 0.014098
6.75 0.008972
6.93 0.006874
7.11 0.005756
7.29 0.00334
7.47 0.002568
7.65 0.001328
7.83 0.000718
8.01 0.000464
8.19 0.000162
8.37 9.8e-05
8.55 2.8e-05
8.73 2e-06
8.91 0
